31 2 3
0.434210462799115 0.289242389562829
0 1 0
2.93750711096786 0.205271992065309
0 1 0
-0.536026355075665 0.346494239719234
0 1 0
0.0286407847388563 0.487533379110399
0 0 1
-1.45126275485273 0.529571984435798
0 0 1
-1.24854370912261 0.443846799420157
0 0 1
-0.978550747523691 0.457785915922789
0 0 1
-0.863725541509647 0.331967650873579
0 1 0
-0.797692811804046 0.505531395437552
0 0 1
11.0748563589449 0.0672312504768444
1 0 0
-1.42908814905837 0.531662470435645
0 0 1
-0.733219394719019 0.330754558632792
0 1 0
-0.817248434507635 0.409040970473793
0 0 1
0.556626400308066 0.265323872739757
1 0 0
-1.18066536614321 0.457869840543221
0 0 1
-1.26359920918592 0.456458381017777
0 0 1
1.92765182286813 0.199832150759136
1 0 0
-0.639006369518994 0.325795376516365
0 1 0
13.8536784790652 0.22480354009308
0 1 0
-1.39615345150526 0.56752880140383
0 0 1
0.219301165578015 0.615457389181354
0 0 1
17.770286204619 0.0692912184328985
1 0 0
8.66830825460228 0.742252231631952
0 0 1
-0.555568014664733 0.157488364995804
1 0 0
-1.33307027523234 0.673960479133288
0 0 1
2.03755059560298 0.180704966811627
1 0 0
8.06237142813772 0.183451590753033
1 0 0
-1.36108109731241 0.539772640573739
0 0 1
-1.14428155474731 0.665896086060883
0 0 1
2.84859064184978 0.825947966735332
0 0 1
5.70805265783241 0.11187151903563
1 0 0
